4.200869239866733551e-03
4.125159699469804764e-03
4.067337606102228165e-03
4.062613006681203842e-03
4.032293334603309631e-03
3.988880664110183716e-03
3.984349779784679413e-03
3.950295969843864441e-03
3.925344906747341156e-03
3.894218942150473595e-03
3.871494205668568611e-03
3.862915793433785439e-03
3.841377096250653267e-03
3.840815508738160133e-03
3.826577682048082352e-03
3.822187893092632294e-03
3.804256906732916832e-03
3.824244020506739616e-03
3.778783837333321571e-03
3.756951540708541870e-03
3.759686136618256569e-03
3.736048936843872070e-03
3.728890093043446541e-03
3.708230564370751381e-03
3.689343109726905823e-03
3.698499174788594246e-03
3.676231019198894501e-03
3.676127642393112183e-03
3.682265290990471840e-03
3.674848005175590515e-03
3.643805161118507385e-03
3.672948572784662247e-03
3.721317043527960777e-03
3.683643415570259094e-03
3.626829013228416443e-03
3.631199244409799576e-03
3.612498054280877113e-03
3.612258471548557281e-03
3.635702189058065414e-03
3.626757068559527397e-03
3.614814253523945808e-03
3.623561933636665344e-03
3.604862606152892113e-03
3.598829032853245735e-03
3.595659043639898300e-03
3.596839960664510727e-03
3.607412101700901985e-03
3.583387238904833794e-03
3.577430266886949539e-03
3.575054462999105453e-03
3.597442293539643288e-03
3.574371337890625000e-03
3.578624222427606583e-03
3.559287870302796364e-03
3.622603369876742363e-03
3.574324538931250572e-03
3.576890565454959869e-03
3.584324149414896965e-03
3.578801173716783524e-03
3.593049943447113037e-03
3.584676655009388924e-03
3.585755825042724609e-03
3.587741870433092117e-03
3.586184931918978691e-03
3.581618890166282654e-03
3.578064730390906334e-03
3.579607699066400528e-03
3.580652875825762749e-03
3.568751737475395203e-03
3.561072284355759621e-03
3.562697209417819977e-03
3.548006294295191765e-03
3.570237196981906891e-03
3.540114965289831161e-03
3.559068776667118073e-03
3.541199024766683578e-03
3.559872740879654884e-03
3.539847210049629211e-03
3.527537919580936432e-03
3.527555381879210472e-03
3.537514945492148399e-03
3.527371445670723915e-03
3.539962461218237877e-03
3.531840629875659943e-03
3.532086499035358429e-03
3.550394438207149506e-03
3.565892810001969337e-03
3.541303565725684166e-03
3.525216598063707352e-03
3.534203395247459412e-03
3.538256511092185974e-03
3.558187978342175484e-03
3.559248056262731552e-03
3.548983018845319748e-03
3.539787139743566513e-03
3.548481035977602005e-03
3.540531732141971588e-03
3.537558019161224365e-03
3.523429622873663902e-03
3.533634822815656662e-03
3.562617348507046700e-03
3.546456573531031609e-03
3.544588806107640266e-03
3.534221323207020760e-03
3.534961491823196411e-03
3.554752562195062637e-03
3.526857355609536171e-03
3.527172375470399857e-03
3.540177363902330399e-03
3.531262045726180077e-03
3.521657781675457954e-03
3.513857489451766014e-03
3.532032947987318039e-03
3.537156153470277786e-03
3.522383049130439758e-03
3.518932964652776718e-03
3.520962316542863846e-03
3.533568698912858963e-03
3.543622558936476707e-03
3.540486562997102737e-03
3.535734489560127258e-03
3.534566611051559448e-03
3.535015508532524109e-03
3.541042329743504524e-03
3.535718191415071487e-03
3.540956880897283554e-03
3.532621776685118675e-03
3.541045123711228371e-03
3.541426733136177063e-03
3.539566183462738991e-03
3.560648765414953232e-03
3.535185242071747780e-03
3.537865588441491127e-03
3.547762986272573471e-03
3.527163760736584663e-03
3.519689198583364487e-03
3.528173780068755150e-03
3.530485322698950768e-03
3.518387442454695702e-03
3.525587730109691620e-03
3.505751257762312889e-03
3.533153561875224113e-03
3.520310623571276665e-03
3.504243213683366776e-03
3.505864180624485016e-03
3.499950515106320381e-03
3.532519331201910973e-03
3.521165112033486366e-03
3.515158779919147491e-03
3.504105377942323685e-03
3.505188738927245140e-03
3.503309795632958412e-03
3.518345067277550697e-03
3.503846004605293274e-03
3.507981775328516960e-03
3.506769426167011261e-03
3.508045570924878120e-03
3.514360636472702026e-03
3.505587577819824219e-03
3.503063460811972618e-03
3.533926093950867653e-03
3.502856008708477020e-03
3.530751913785934448e-03
3.514264011755585670e-03
3.499607555568218231e-03
3.500908613204956055e-03
3.505529137328267097e-03
3.513116156682372093e-03
3.518261015415191650e-03
3.514910582453012466e-03
3.513019066303968430e-03
3.516898257657885551e-03
3.497608471661806107e-03
3.492720192298293114e-03
3.504499560222029686e-03
3.504623658955097198e-03
3.524584695696830750e-03
3.513007657602429390e-03
3.506887704133987427e-03
3.524097613990306854e-03
3.523059189319610596e-03
3.508886089548468590e-03
3.509272821247577667e-03
3.509368980303406715e-03
3.511519869789481163e-03
3.507498884573578835e-03
3.508851630613207817e-03
3.508003894239664078e-03
3.555855713784694672e-03
3.508435795083642006e-03
3.503884887322783470e-03
3.524030093103647232e-03
3.502511652186512947e-03
3.508727997541427612e-03
3.508404130116105080e-03
3.514207666739821434e-03
3.525281790643930435e-03
3.516842843964695930e-03
3.513272153213620186e-03
3.541329642757773399e-03
3.500465536490082741e-03
3.511606017127633095e-03
3.488262416794896126e-03
3.495850600302219391e-03
3.490777919068932533e-03
3.497536992654204369e-03
3.491502488031983376e-03
3.482929896563291550e-03
3.483199980109930038e-03
3.482463303953409195e-03
3.488311776891350746e-03
3.506182460114359856e-03
3.497698809951543808e-03
3.494254779070615768e-03
3.487828653305768967e-03
3.486618632450699806e-03
3.467331640422344208e-03
3.482514293864369392e-03
3.486077068373560905e-03
3.486430738121271133e-03
3.488391637802124023e-03
3.486666595563292503e-03
3.499922342598438263e-03
3.500976134091615677e-03
3.501865547150373459e-03
3.501027356833219528e-03
3.472748678177595139e-03
3.465879708528518677e-03
3.479547798633575439e-03
3.482512664049863815e-03
3.467594040557742119e-03
3.483314067125320435e-03
3.480291459709405899e-03
3.492527874186635017e-03
3.490206087008118629e-03
3.493419382721185684e-03
3.504492342472076416e-03
3.500709543004631996e-03
3.509535687044262886e-03
3.502600127831101418e-03
3.500800812616944313e-03
3.488585120067000389e-03
3.514098236337304115e-03
3.500161925330758095e-03
3.513509873300790787e-03
3.504351712763309479e-03
3.506427630782127380e-03
3.488486167043447495e-03
3.476340789347887039e-03
3.488736227154731750e-03
3.482449566945433617e-03
3.502227831631898880e-03
3.490311326459050179e-03
3.477987833321094513e-03
3.483752487227320671e-03
3.480127546936273575e-03
3.484206274151802063e-03
3.486509434878826141e-03
3.497195197269320488e-03
3.492217045277357101e-03
3.483786480501294136e-03
3.492081537842750549e-03
3.488017013296484947e-03
3.503878135234117508e-03
3.487334586679935455e-03
3.500472754240036011e-03
3.495245706290006638e-03
3.502957057207822800e-03
3.499275073409080505e-03
3.493994940072298050e-03
3.490202827379107475e-03
3.494787728413939476e-03
3.504514228552579880e-03
3.500503720715641975e-03
3.499539336189627647e-03
3.484059125185012817e-03
3.477639053016901016e-03
3.498558886349201202e-03
3.485515946522355080e-03
3.493271768093109131e-03
3.497323254123330116e-03
3.485188819468021393e-03
3.495507175102829933e-03
3.484991379082202911e-03
3.492762567475438118e-03
3.478094004094600677e-03
3.480368060991168022e-03
3.492170246317982674e-03
3.486942732706665993e-03
3.490645438432693481e-03
3.492120187729597092e-03
3.480963408946990967e-03
3.479205071926116943e-03
3.481069346889853477e-03
3.477953374385833740e-03
3.476024372503161430e-03
3.489119932055473328e-03
3.486883593723177910e-03
3.478889353573322296e-03
3.473804099485278130e-03
3.483827458694577217e-03
3.487418405711650848e-03
3.468561917543411255e-03
3.471977775916457176e-03
3.480025101453065872e-03
3.508237889036536217e-03
3.481649095192551613e-03
3.480267943814396858e-03
3.476930549368262291e-03
3.488608635962009430e-03
3.474778030067682266e-03
3.483612090349197388e-03
3.470036899670958519e-03
3.481888445094227791e-03
3.483427455648779869e-03
3.487859619781374931e-03
3.482710802927613258e-03
3.481711493805050850e-03
3.476475132629275322e-03
3.466819878667593002e-03
3.458724124357104301e-03
3.443950787186622620e-03
3.456424456089735031e-03
3.466963768005371094e-03
3.487229347229003906e-03
3.494326258078217506e-03
3.488911781460046768e-03
3.477107966318726540e-03
3.484456567093729973e-03
3.468119306489825249e-03
3.486041212454438210e-03
3.478948259726166725e-03
3.488756017759442329e-03
3.454487770795822144e-03
3.470416180789470673e-03
3.462840802967548370e-03
3.468986833468079567e-03
3.469177521765232086e-03
3.468457842245697975e-03
3.477100515738129616e-03
3.476254874840378761e-03
3.505088388919830322e-03
3.514011623337864876e-03
3.465751884505152702e-03
3.500696038827300072e-03
3.469515591859817505e-03
3.489745082333683968e-03
3.485581139102578163e-03
3.493969328701496124e-03
3.473669989034533501e-03
3.476548241451382637e-03
3.491747425869107246e-03
3.485953900963068008e-03
3.493248950690031052e-03
3.504919121041893959e-03
3.480271901935338974e-03
3.476523095741868019e-03
3.487160895019769669e-03
3.484127111732959747e-03
3.481450490653514862e-03
3.486986504867672920e-03
3.473865101113915443e-03
3.483237000182271004e-03
3.489585826173424721e-03
3.488697577267885208e-03
3.483733395114541054e-03
3.468001727014780045e-03
3.468178911134600639e-03
3.477649297565221786e-03
3.482021158561110497e-03
3.502769395709037781e-03
3.495079698041081429e-03
3.471373813226819038e-03
3.474531928077340126e-03
3.472131444141268730e-03
3.467793809249997139e-03
3.456353442743420601e-03
3.472041338682174683e-03
3.464579582214355469e-03
3.466136520728468895e-03
3.473177319392561913e-03
3.488573245704174042e-03
3.486449830234050751e-03
3.476905403658747673e-03
3.475062781944870949e-03
3.480405081063508987e-03
3.462332533672451973e-03
3.465435467660427094e-03
3.471570089459419250e-03
3.463083878159523010e-03
3.453424666076898575e-03
3.446556394919753075e-03
3.443841822445392609e-03
3.443384077399969101e-03
3.456861944869160652e-03
3.463991917669773102e-03
3.461251268163323402e-03
3.459643805399537086e-03
3.466062946245074272e-03
3.442880697548389435e-03
3.445204813033342361e-03
3.443152876570820808e-03
3.456485690549015999e-03
3.475174540653824806e-03
3.489339025691151619e-03
3.463045693933963776e-03
3.468434093520045280e-03
3.463906468823552132e-03
3.479958279058337212e-03
3.477131947875022888e-03
3.466302994638681412e-03
3.475524485111236572e-03
3.474716795608401299e-03
3.479669569060206413e-03
3.462191438302397728e-03
3.476374549791216850e-03
3.464241046458482742e-03
3.453673562034964561e-03
3.468094626441597939e-03
3.459126222878694534e-03
3.469659015536308289e-03
3.457842627540230751e-03
3.474608995020389557e-03
3.468687180429697037e-03
3.471096744760870934e-03
3.460858715698122978e-03
3.474924480542540550e-03
3.470014780759811401e-03
3.470012685284018517e-03
3.473915625363588333e-03
3.473110264167189598e-03
3.458242397755384445e-03
3.472471144050359726e-03
3.466468537226319313e-03
3.472256707027554512e-03
3.473633201792836189e-03
3.464994486421346664e-03
3.474453231319785118e-03
3.477131016552448273e-03
3.479940118268132210e-03
3.490457544103264809e-03
3.464463632553815842e-03
3.472886048257350922e-03
3.472993383184075356e-03
3.467312315478920937e-03
3.480882616713643074e-03
3.462956752628087997e-03
3.479235572740435600e-03
3.471243428066372871e-03
3.471733769401907921e-03
3.461157437413930893e-03
3.462375840172171593e-03
3.456807928159832954e-03
3.465470392256975174e-03
3.478756407275795937e-03
3.469219896942377090e-03
3.472862998023629189e-03
3.471059491857886314e-03
3.466788213700056076e-03
3.474318888038396835e-03
3.477516118437051773e-03
3.486790694296360016e-03
3.473936347290873528e-03
3.473758697509765625e-03
3.458440769463777542e-03
3.471295814961194992e-03
3.469073679298162460e-03
3.482999047264456749e-03
3.468374488875269890e-03
3.461308078840374947e-03
3.455030033364892006e-03
3.460981883108615875e-03
3.472374286502599716e-03
3.476244630292057991e-03
3.493818454444408417e-03
3.475350560620427132e-03
3.475571516901254654e-03
3.477405756711959839e-03
3.494137199595570564e-03
3.486288012936711311e-03
3.473488148301839828e-03
3.468848532065749168e-03
3.478547791019082069e-03
3.474428318440914154e-03
3.465746296569705009e-03
3.471994074061512947e-03
3.480056999251246452e-03
3.466614056378602982e-03
3.491438925266265869e-03
3.480338957160711288e-03
3.481736872345209122e-03
3.464646404609084129e-03
3.472501877695322037e-03
3.483989741653203964e-03
3.468394977971911430e-03
3.470700234174728394e-03
3.455901984125375748e-03
3.468555631116032600e-03
3.454764606431126595e-03
3.455893136560916901e-03
3.458537627011537552e-03
3.466191003099083900e-03
3.462107153609395027e-03
3.462727181613445282e-03
3.459641477093100548e-03
3.467685310170054436e-03
3.469745395705103874e-03
3.455504542216658592e-03
3.471026429906487465e-03
3.463614033535122871e-03
3.468749113380908966e-03
3.470640862360596657e-03
3.456730162724852562e-03
3.458633087575435638e-03
3.458150196820497513e-03
3.467048518359661102e-03
3.478630678728222847e-03
3.466954221948981285e-03
3.451134078204631805e-03
3.459095256403088570e-03
3.458853112533688545e-03
3.468636656180024147e-03
3.463221481069922447e-03
3.461106214672327042e-03
3.458178369328379631e-03
3.465153044089674950e-03
3.453719196841120720e-03
3.453518962487578392e-03
3.455999307334423065e-03
3.468829439952969551e-03
3.465858986601233482e-03
3.472870914265513420e-03
3.465036628767848015e-03
3.452638396993279457e-03
3.468396607786417007e-03
3.476791083812713623e-03
3.480470972135663033e-03
3.466951427981257439e-03
3.473023651167750359e-03
3.490990726277232170e-03
3.487792098894715309e-03
3.478810423985123634e-03
3.460948122665286064e-03
3.464791458100080490e-03
3.466093912720680237e-03
3.470866708084940910e-03
3.464228240773081779e-03
3.454786958172917366e-03
3.458374645560979843e-03
3.471375675871968269e-03
3.463164204731583595e-03
3.455581376329064369e-03
3.453673562034964561e-03
3.454074496403336525e-03
3.449425799772143364e-03
3.458729479461908340e-03
3.452280769124627113e-03
3.453648183494806290e-03
3.459978848695755005e-03
3.461242420598864555e-03
3.467295086011290550e-03
3.466508816927671432e-03
3.473301650956273079e-03
3.470880677923560143e-03
3.464755136519670486e-03
3.467969596385955811e-03
3.454170189797878265e-03
3.450080053880810738e-03
3.462915308773517609e-03
3.455726196989417076e-03
3.459285944700241089e-03
3.468001727014780045e-03
3.468341892585158348e-03
3.467019414529204369e-03
3.459242638200521469e-03
3.461451036855578423e-03
3.469347255304455757e-03
3.468950511887669563e-03
3.461823798716068268e-03
3.454455174505710602e-03
3.458033083006739616e-03
3.457118291407823563e-03
3.452561795711517334e-03
3.455069148913025856e-03
3.448696108534932137e-03
3.456655424088239670e-03
3.449745243415236473e-03
3.448450472205877304e-03
3.465870628133416176e-03
3.463380271568894386e-03
3.469617338851094246e-03
3.477743128314614296e-03
3.462140448391437531e-03
3.456286620348691940e-03
3.457831451669335365e-03
3.467327682301402092e-03
3.460252191871404648e-03
3.471400821581482887e-03
3.464524401351809502e-03
3.456939011812210083e-03
3.462301800027489662e-03
3.468345850706100464e-03
3.465705784037709236e-03
3.465868532657623291e-03
3.466651774942874908e-03
3.478296101093292236e-03
3.463123925030231476e-03
3.469272516667842865e-03
3.458805847913026810e-03
3.461326705291867256e-03
3.467214060947299004e-03
3.456755774095654488e-03
3.460034029558300972e-03
3.468957031145691872e-03
3.470930270850658417e-03
3.464354202151298523e-03
3.478001803159713745e-03
3.464364213868975639e-03
3.476465586572885513e-03
3.463443834334611893e-03
3.471294650807976723e-03
3.457726212218403816e-03
3.462847089394927025e-03
3.473608521744608879e-03
3.474613884463906288e-03
3.468533745035529137e-03
3.471264848485589027e-03
3.472043666988611221e-03
3.462572814896702766e-03
3.465967951342463493e-03
3.473645541816949844e-03
3.470613854005932808e-03
3.473421791568398476e-03
3.483972046524286270e-03
3.473896300420165062e-03
3.462500171735882759e-03
3.466052934527397156e-03
3.486766014248132706e-03
3.482204163447022438e-03
3.471098374575376511e-03
3.481900785118341446e-03
3.466189373284578323e-03
3.473572665825486183e-03
3.476297017186880112e-03
3.471566829830408096e-03
3.465611254796385765e-03
3.465531626716256142e-03
3.469256451353430748e-03
3.483033971861004829e-03
3.480515908449888229e-03
3.480808809399604797e-03
3.475931473076343536e-03
3.472414799034595490e-03
3.457182552665472031e-03
3.465983550995588303e-03
3.470562631264328957e-03
3.476054640486836433e-03
3.475446719676256180e-03
3.478932892903685570e-03
3.486035158857703209e-03
3.483142936602234840e-03
3.473920049145817757e-03
3.477528924122452736e-03
3.482963191345334053e-03
3.494935343042016029e-03
3.486509434878826141e-03
3.488363930955529213e-03
3.491153707727789879e-03
3.491912735626101494e-03
3.489699680358171463e-03
3.490717383101582527e-03
3.474777564406394958e-03
3.477073973044753075e-03
3.476704005151987076e-03
3.467173082754015923e-03
3.469142131507396698e-03
3.476635552942752838e-03
3.480706131085753441e-03
3.476177109405398369e-03
3.474920988082885742e-03
3.476736601442098618e-03
3.474766388535499573e-03
3.468355396762490273e-03
3.476644400507211685e-03
3.467706497758626938e-03
3.471781034022569656e-03
3.468887880444526672e-03
3.470655996352434158e-03
3.465277841314673424e-03
3.476677695289254189e-03
3.481438849121332169e-03
3.472105599939823151e-03
3.468245733529329300e-03
3.461868036538362503e-03
3.458699444308876991e-03
3.467163303866982460e-03
3.469087183475494385e-03
3.467833157628774643e-03
3.478369209915399551e-03
3.473350545391440392e-03
3.473799675703048706e-03
3.464289940893650055e-03
3.472700947895646095e-03
3.470297204330563545e-03
3.459548112004995346e-03
3.455979749560356140e-03
3.463458968326449394e-03
3.463749540969729424e-03
3.464099252596497536e-03
3.470416879281401634e-03
3.483957378193736076e-03
3.478877246379852295e-03
3.471678122878074646e-03
3.466315567493438721e-03
3.470567520707845688e-03
3.478296566754579544e-03
3.468298120424151421e-03
3.469420364126563072e-03
3.485533408820629120e-03
3.482664469629526138e-03
3.476643236353993416e-03
3.477041609585285187e-03
3.467514179646968842e-03
3.465280169621109962e-03
3.471618518233299255e-03
3.472171723842620850e-03
3.461641492322087288e-03
3.458697814494371414e-03
3.476535901427268982e-03
3.468850161880254745e-03
3.466715104877948761e-03
3.467608243227005005e-03
3.474189434200525284e-03
3.476535435765981674e-03
3.473338205367326736e-03
3.466504858806729317e-03
3.469302551820874214e-03
3.481602761894464493e-03
3.497905796393752098e-03
3.482036991044878960e-03
3.483340842649340630e-03
3.475805977359414101e-03
3.464265726506710052e-03
3.467680653557181358e-03
3.469517687335610390e-03
3.468736074864864349e-03
3.473601303994655609e-03
3.453437471762299538e-03
3.468118142336606979e-03
3.466404974460601807e-03
3.462595865130424500e-03
3.475854406133294106e-03
3.461777698248624802e-03
3.454795572906732559e-03
3.458704100921750069e-03
3.462206572294235229e-03
3.468260401859879494e-03
3.458347637206315994e-03
3.463390981778502464e-03
3.457537153735756874e-03
3.460437757894396782e-03
3.466463182121515274e-03
3.470399416983127594e-03
3.456166246905922890e-03
3.453376237303018570e-03
3.463858738541603088e-03
3.469874151051044464e-03
3.470180789008736610e-03
3.453509882092475891e-03
3.452948760241270065e-03
3.452962264418601990e-03
3.452993230894207954e-03
3.456650534644722939e-03
3.463503438979387283e-03
3.459318075329065323e-03
3.463183529675006866e-03
3.477645805105566978e-03
3.463970730081200600e-03
3.463976318016648293e-03
3.460157662630081177e-03
3.459730185568332672e-03
3.456473350524902344e-03
3.460603998973965645e-03
3.457541577517986298e-03
3.450137795880436897e-03
3.467214526608586311e-03
3.451179713010787964e-03
3.446153830736875534e-03
3.447182942181825638e-03
3.465945832431316376e-03
3.457197686657309532e-03
3.448102390393614769e-03
3.461129730567336082e-03
3.454209072515368462e-03
3.453646786510944366e-03
3.448934992775321007e-03
3.452648408710956573e-03
3.440688829869031906e-03
3.448433941230177879e-03
3.444956615567207336e-03
3.453098237514495850e-03
3.454876830801367760e-03
3.466263646259903908e-03
3.468515118584036827e-03
3.458018647506833076e-03
3.461197251453995705e-03
3.458370687440037727e-03
3.463268280029296875e-03
3.459106665104627609e-03
3.478368045762181282e-03
3.460892941802740097e-03
3.467063186690211296e-03
3.461182815954089165e-03
3.457779064774513245e-03
3.453355282545089722e-03
3.451016033068299294e-03
3.436588449403643608e-03
3.445741022005677223e-03
3.439982421696186066e-03
3.445492591708898544e-03
3.464152105152606964e-03
3.454958088696002960e-03
3.486183471977710724e-03
3.464959794655442238e-03
3.475121688097715378e-03
3.455425845459103584e-03
3.453514073044061661e-03
3.466785419732332230e-03
3.457856597378849983e-03
3.464358625933527946e-03
3.458940889686346054e-03
3.458256833255290985e-03
3.464256878942251205e-03
3.450150834396481514e-03
3.461952321231365204e-03
3.467047121375799179e-03
3.457684535533189774e-03
3.453826066106557846e-03
3.464035922661423683e-03
3.460744163021445274e-03
3.460267093032598495e-03
3.464410314336419106e-03
3.458860795944929123e-03
3.462163498625159264e-03
3.470110939815640450e-03
3.459313651546835899e-03
3.452811157330870628e-03
3.469240153208374977e-03
3.456979291513562202e-03
3.468678798526525497e-03
3.471661359071731567e-03
3.460198175162076950e-03
3.454498946666717529e-03
3.456482198089361191e-03
3.455678233876824379e-03
3.461799584329128265e-03
3.460104111582040787e-03
3.452864941209554672e-03
3.449936397373676300e-03
3.451552474871277809e-03
3.451677272096276283e-03
3.473212709650397301e-03
3.461439628154039383e-03
3.467327682301402092e-03
3.460288047790527344e-03
3.463733708485960960e-03
3.470531199127435684e-03
3.470800817012786865e-03
3.472570562735199928e-03
3.460864536464214325e-03
3.465043380856513977e-03
3.463728819042444229e-03
3.468050621449947357e-03
3.461558138951659203e-03
3.453485202044248581e-03
3.461114596575498581e-03
3.469269722700119019e-03
3.463998669758439064e-03
3.464628942310810089e-03
3.465095069259405136e-03
3.445261390879750252e-03
3.459458239376544952e-03
3.454702673479914665e-03
3.471325151622295380e-03
3.468584269285202026e-03
3.457879181951284409e-03
3.453710814937949181e-03
3.457143204286694527e-03
3.456182079389691353e-03
3.458750201389193535e-03
3.460429608821868896e-03
3.453965298831462860e-03
3.450606716796755791e-03
3.456320380792021751e-03
3.458523657172918320e-03
3.459792817011475563e-03
3.450987394899129868e-03
3.453731536865234375e-03
3.459346247836947441e-03
3.456064034253358841e-03
3.454041434451937675e-03
3.463001223281025887e-03
3.455164376646280289e-03
3.447922877967357635e-03
3.448801813647150993e-03
3.446944057941436768e-03
3.446747083216905594e-03
3.448440926149487495e-03
3.454178571701049805e-03
3.450010670349001884e-03
3.455572994425892830e-03
3.457487327978014946e-03
3.452243749052286148e-03
3.451244905591011047e-03
3.460777690634131432e-03
3.446937771514058113e-03
3.450457938015460968e-03
3.455340862274169922e-03
3.453020239248871803e-03
3.447233000770211220e-03
3.445335198193788528e-03
3.447409952059388161e-03
3.440171945840120316e-03
3.450911492109298706e-03
3.458739956840872765e-03
3.457244252786040306e-03
3.444379195570945740e-03
3.453903133049607277e-03
3.459436818957328796e-03
3.464911831542849541e-03
3.459047526121139526e-03
3.457140875980257988e-03
3.454564372077584267e-03
3.464318811893463135e-03
3.471774281933903694e-03
3.453803947195410728e-03
3.468825016170740128e-03
3.468232927843928337e-03
3.453540848568081856e-03
3.456516191363334656e-03
3.452320117503404617e-03
3.455132711678743362e-03
3.460784675553441048e-03
3.450233256444334984e-03
3.452712204307317734e-03
3.456308040767908096e-03
3.446752205491065979e-03
3.452812088653445244e-03
3.452264470979571342e-03
3.461647778749465942e-03
3.450359916314482689e-03
3.445020411163568497e-03
3.449490061029791832e-03
3.448304254561662674e-03
3.448065835982561111e-03
3.445524489507079124e-03
3.457809332758188248e-03
3.456780221313238144e-03
3.440418979153037071e-03
3.448279341682791710e-03
3.432516241446137428e-03
3.430871060118079185e-03
3.426615381613373756e-03
3.433073870837688446e-03
3.436842700466513634e-03
3.436907194554805756e-03
3.443849971517920494e-03
3.443537978455424309e-03
3.432331839576363564e-03
3.425414208322763443e-03
3.430294105783104897e-03
3.439233638346195221e-03
3.438451793044805527e-03
3.432492492720484734e-03
3.427737625315785408e-03
3.428930882364511490e-03
3.428111784160137177e-03
3.431919496506452560e-03
3.435807535424828529e-03
3.432110650464892387e-03
3.435400314629077911e-03
3.434948157519102097e-03
3.436301602050662041e-03
3.436433384194970131e-03
3.435156308114528656e-03
3.427257528528571129e-03
3.421033266931772232e-03
3.431190270930528641e-03
3.436690894886851311e-03
3.439871128648519516e-03
3.435699967667460442e-03
3.445631358772516251e-03
3.438638057559728622e-03
3.441230393946170807e-03
3.442664165049791336e-03
3.430372802540659904e-03
3.432336729019880295e-03
3.427690593525767326e-03
3.425164148211479187e-03
3.430255223065614700e-03
