1.066685914993286133e+00
9.783881306648254395e-01
9.824774861335754395e-01
9.852781891822814941e-01
9.865826964378356934e-01
9.871934652328491211e-01
9.873986244201660156e-01
9.873403310775756836e-01
9.871468544006347656e-01
9.868589043617248535e-01
9.864924550056457520e-01
9.860897064208984375e-01
9.856774806976318359e-01
9.852631688117980957e-01
9.848582148551940918e-01
9.844726324081420898e-01
9.840952157974243164e-01
9.837355017662048340e-01
9.833903908729553223e-01
9.830550551414489746e-01
9.827398657798767090e-01
9.824358224868774414e-01
9.821444749832153320e-01
9.818627834320068359e-01
9.816040992736816406e-01
9.813553690910339355e-01
9.811410903930664062e-01
9.809412360191345215e-01
9.807512164115905762e-01
9.805733561515808105e-01
9.804135560989379883e-01
9.802495837211608887e-01
9.801316261291503906e-01
9.800235629081726074e-01
9.799396991729736328e-01
9.798689484596252441e-01
9.797977805137634277e-01
9.797276854515075684e-01
9.796474575996398926e-01
9.795777797698974609e-01
9.795135259628295898e-01
9.794479608535766602e-01
9.793884158134460449e-01
9.793269634246826172e-01
9.792765974998474121e-01
9.792177081108093262e-01
9.791645407676696777e-01
9.791179299354553223e-01
9.790548682212829590e-01
9.790061116218566895e-01
9.789569377899169922e-01
9.789193868637084961e-01
9.788896441459655762e-01
9.788525104522705078e-01
9.788212776184082031e-01
9.788020849227905273e-01
9.787716865539550781e-01
9.787328243255615234e-01
9.787108302116394043e-01
9.786831736564636230e-01
9.786571264266967773e-01
9.786406159400939941e-01
9.786308407783508301e-01
9.786134362220764160e-01
9.786047339439392090e-01
9.785900712013244629e-01
9.785778522491455078e-01
9.785419702529907227e-01
9.785108566284179688e-01
9.784839749336242676e-01
9.784968495368957520e-01
9.785013794898986816e-01
9.784893989562988281e-01
9.784631729125976562e-01
9.784117341041564941e-01
9.783530235290527344e-01
9.783485531806945801e-01
9.783816933631896973e-01
9.783952236175537109e-01
9.784076809883117676e-01
9.784196615219116211e-01
9.784339666366577148e-01
9.784311652183532715e-01
9.784356951713562012e-01
9.784556031227111816e-01
9.784761071205139160e-01
9.784739613533020020e-01
9.784640073776245117e-01
9.784652590751647949e-01
9.784625172615051270e-01
9.784640073776245117e-01
9.784681200981140137e-01
9.784600734710693359e-01
9.784418940544128418e-01
9.784290790557861328e-01
9.784178137779235840e-01
9.784138202667236328e-01
9.784207940101623535e-01
9.784169793128967285e-01
9.784261584281921387e-01
9.784369468688964844e-01
9.784435629844665527e-01
9.784420132637023926e-01
9.784349203109741211e-01
9.784389138221740723e-01
9.784340858459472656e-01
9.784291982650756836e-01
9.784173369407653809e-01
9.784024953842163086e-01
9.783945679664611816e-01
9.783841371536254883e-01
9.783799052238464355e-01
9.783749580383300781e-01
9.783622026443481445e-01
9.783596992492675781e-01
9.783728122711181641e-01
9.783805608749389648e-01
9.783878326416015625e-01
9.783921837806701660e-01
9.783855080604553223e-01
9.783763289451599121e-01
9.783691167831420898e-01
9.783736467361450195e-01
9.783769845962524414e-01
9.783797264099121094e-01
9.783971905708312988e-01
9.784205555915832520e-01
9.784499406814575195e-01
9.784648418426513672e-01
9.785198569297790527e-01
9.785597920417785645e-01
9.785513877868652344e-01
9.785491228103637695e-01
9.785410165786743164e-01
9.785085320472717285e-01
9.784772396087646484e-01
9.784649610519409180e-01
9.784517288208007812e-01
9.784422516822814941e-01
9.784394502639770508e-01
9.784349203109741211e-01
9.784333109855651855e-01
9.784334897994995117e-01
9.784319996833801270e-01
9.784279465675354004e-01
9.784229993820190430e-01
9.784052968025207520e-01
9.783815145492553711e-01
9.783556461334228516e-01
9.783287644386291504e-01
9.783127307891845703e-01
9.782945513725280762e-01
9.782760143280029297e-01
9.782605767250061035e-01
9.782533049583435059e-01
9.782432317733764648e-01
9.782351851463317871e-01
9.782209396362304688e-01
9.782072901725769043e-01
9.781998991966247559e-01
9.781927466392517090e-01
9.781889915466308594e-01
9.781794548034667969e-01
9.781714081764221191e-01
9.781712889671325684e-01
9.781792163848876953e-01
9.781866669654846191e-01
9.782009124755859375e-01
9.782203435897827148e-01
9.782462120056152344e-01
9.782770872116088867e-01
9.783051609992980957e-01
9.783335924148559570e-01
9.783680438995361328e-01
9.783980846405029297e-01
9.784241914749145508e-01
9.784476161003112793e-01
9.784728884696960449e-01
9.785003662109375000e-01
9.785086512565612793e-01
9.785057306289672852e-01
9.785027503967285156e-01
9.785036444664001465e-01
9.785100221633911133e-01
9.785080552101135254e-01
9.785069823265075684e-01
9.784896373748779297e-01
9.784742593765258789e-01
9.784587025642395020e-01
9.784492850303649902e-01
9.784465432167053223e-01
9.784422516822814941e-01
9.784334897994995117e-01
9.784306883811950684e-01
9.784349203109741211e-01
9.784344434738159180e-01
9.784325957298278809e-01
9.784330725669860840e-01
9.784401655197143555e-01
9.784576296806335449e-01
9.784737825393676758e-01
9.784961938858032227e-01
9.785173535346984863e-01
9.785252809524536133e-01
9.785388708114624023e-01
9.785630106925964355e-01
9.785893559455871582e-01
9.786033034324645996e-01
9.786126613616943359e-01
9.786085486412048340e-01
9.785969853401184082e-01
9.785920381546020508e-01
9.785846471786499023e-01
9.785801768302917480e-01
9.785795807838439941e-01
9.785706996917724609e-01
9.785690903663635254e-01
9.785650372505187988e-01
9.785602092742919922e-01
9.785630106925964355e-01
9.785742163658142090e-01
9.785736799240112305e-01
9.785310029983520508e-01
9.784998893737792969e-01
9.784791469573974609e-01
9.784566164016723633e-01
9.784426093101501465e-01
9.784330725669860840e-01
9.784258008003234863e-01
9.784211516380310059e-01
9.784230589866638184e-01
9.784250259399414062e-01
9.784277081489562988e-01
9.784291386604309082e-01
9.784345626831054688e-01
9.784386157989501953e-01
9.784405231475830078e-01
9.784435033798217773e-01
9.784476757049560547e-01
9.784553050994873047e-01
9.784614443778991699e-01
9.784628748893737793e-01
9.784642457962036133e-01
9.784672856330871582e-01
9.784721732139587402e-01
9.784790277481079102e-01
9.784802198410034180e-01
9.784805774688720703e-01
9.784732460975646973e-01
9.784597158432006836e-01
9.784443378448486328e-01
9.784412980079650879e-01
9.784367680549621582e-01
9.784350395202636719e-01
9.784372448921203613e-01
9.784494042396545410e-01
9.784607887268066406e-01
9.784626364707946777e-01
9.784699678421020508e-01
9.784610867500305176e-01
9.784539937973022461e-01
9.784454107284545898e-01
9.784414172172546387e-01
9.784364104270935059e-01
9.784319996833801270e-01
9.784227609634399414e-01
9.784141778945922852e-01
9.784062504768371582e-01
9.784080386161804199e-01
9.784111976623535156e-01
9.784193634986877441e-01
9.784234762191772461e-01
9.784223437309265137e-01
9.784105420112609863e-01
9.783978462219238281e-01
9.783843755722045898e-01
9.783706068992614746e-01
9.783729314804077148e-01
9.783807396888732910e-01
9.783843755722045898e-01
9.783908724784851074e-01
9.783906340599060059e-01
9.783995747566223145e-01
9.784078598022460938e-01
9.784028530120849609e-01
9.783880710601806641e-01
9.783730506896972656e-01
9.783640503883361816e-01
9.783499836921691895e-01
9.783446788787841797e-01
9.783416986465454102e-01
9.783394336700439453e-01
9.783414602279663086e-01
9.783447384834289551e-01
9.783489704132080078e-01
9.783572554588317871e-01
9.783646464347839355e-01
9.783672094345092773e-01
9.783725142478942871e-01
9.783796668052673340e-01
9.783927202224731445e-01
9.784002900123596191e-01
9.784076213836669922e-01
9.784128069877624512e-01
9.784195423126220703e-01
9.784296154975891113e-01
9.784394502639770508e-01
9.784424901008605957e-01
9.784454107284545898e-01
9.784451723098754883e-01
9.784415364265441895e-01
9.784398078918457031e-01
9.784458279609680176e-01
9.784573912620544434e-01
9.784665107727050781e-01
9.784857034683227539e-01
9.785138964653015137e-01
9.785177111625671387e-01
9.785159230232238770e-01
9.785144925117492676e-01
9.785192608833312988e-01
9.785269498825073242e-01
9.785243868827819824e-01
9.785137176513671875e-01
9.785035848617553711e-01
9.784893393516540527e-01
9.784751534461975098e-01
9.784667491912841797e-01
9.784601926803588867e-01
9.784564375877380371e-01
9.784544706344604492e-01
9.784470200538635254e-01
9.784371256828308105e-01
9.784289598464965820e-01
9.784217476844787598e-01
9.784190058708190918e-01
9.784131646156311035e-01
9.783958792686462402e-01
9.783714413642883301e-01
9.783487319946289062e-01
9.783329367637634277e-01
9.783198833465576172e-01
9.783104658126831055e-01
9.783106446266174316e-01
9.783121943473815918e-01
9.783157706260681152e-01
9.783173203468322754e-01
9.783184528350830078e-01
9.783181548118591309e-01
9.783116579055786133e-01
9.782956838607788086e-01
9.782796502113342285e-01
9.782701134681701660e-01
9.782591462135314941e-01
9.782494902610778809e-01
9.782427549362182617e-01
9.782398939132690430e-01
9.782420396804809570e-01
9.782508611679077148e-01
9.782577753067016602e-01
9.782637953758239746e-01
9.782722592353820801e-01
9.782795310020446777e-01
9.782833456993103027e-01
9.782894849777221680e-01
9.782922267913818359e-01
9.782951474189758301e-01
9.783018231391906738e-01
9.783062338829040527e-01
9.783102869987487793e-01
9.783096313476562500e-01
9.783092141151428223e-01
9.783029556274414062e-01
9.782986044883728027e-01
9.782939553260803223e-01
9.782907962799072266e-01
9.782875776290893555e-01
9.782840013504028320e-01
9.782794117927551270e-01
9.782719016075134277e-01
9.782631993293762207e-01
9.782494902610778809e-01
9.782459735870361328e-01
9.782415032386779785e-01
9.782398939132690430e-01
9.782351255416870117e-01
9.782357215881347656e-01
9.782388210296630859e-01
9.782474637031555176e-01
9.782620072364807129e-01
9.782850146293640137e-01
9.783068299293518066e-01
9.783282279968261719e-01
9.783648848533630371e-01
9.783940911293029785e-01
9.784153699874877930e-01
9.784548282623291016e-01
9.785246849060058594e-01
9.785851240158081055e-01
9.786445498466491699e-01
