1.234836459159851074e+00
1.073115229606628418e+00
9.728234410285949707e-01
9.567927122116088867e-01
9.950283169746398926e-01
1.046405673027038574e+00
1.078181147575378418e+00
1.082143306732177734e+00
1.064468860626220703e+00
1.034498929977416992e+00
1.001882553100585938e+00
9.747493863105773926e-01
9.583689570426940918e-01
9.540362358093261719e-01
9.595441818237304688e-01
9.702718257904052734e-01
9.812242388725280762e-01
9.883713126182556152e-01
9.895116090774536133e-01
9.852957725524902344e-01
9.772593975067138672e-01
9.680439233779907227e-01
9.602271318435668945e-01
9.551648497581481934e-01
9.538198113441467285e-01
9.556684494018554688e-01
9.592704176902770996e-01
9.630597829818725586e-01
9.654127359390258789e-01
9.656487107276916504e-01
9.639025926589965820e-01
9.608509540557861328e-01
9.576688408851623535e-01
9.551247358322143555e-01
9.537568092346191406e-01
9.537962079048156738e-01
9.548003077507019043e-01
9.561974406242370605e-01
9.572069048881530762e-01
9.575396776199340820e-01
9.571416974067687988e-01
9.561199545860290527e-01
9.548667669296264648e-01
9.538537859916687012e-01
9.534512162208557129e-01
9.536092281341552734e-01
9.540759921073913574e-01
9.546281099319458008e-01
9.549717903137207031e-01
9.550858139991760254e-01
9.548749923706054688e-01
9.542126655578613281e-01
9.536300301551818848e-01
9.533240795135498047e-01
9.532642364501953125e-01
9.534084200859069824e-01
9.536949992179870605e-01
9.540158510208129883e-01
9.541043639183044434e-01
9.538877010345458984e-01
9.536076784133911133e-01
9.532951712608337402e-01
9.531046152114868164e-01
9.530674815177917480e-01
9.530777335166931152e-01
9.531334042549133301e-01
9.531965255737304688e-01
9.531815648078918457e-01
9.531546831130981445e-01
9.530625939369201660e-01
9.529504776000976562e-01
9.528926014900207520e-01
9.528630971908569336e-01
9.528431892395019531e-01
9.528265595436096191e-01
9.528065323829650879e-01
9.527754187583923340e-01
9.527513384819030762e-01
9.527264237403869629e-01
9.527027606964111328e-01
9.526937007904052734e-01
9.527050256729125977e-01
9.527397751808166504e-01
9.527568221092224121e-01
9.527430534362792969e-01
9.526579380035400391e-01
9.525789618492126465e-01
9.525277614593505859e-01
9.524912834167480469e-01
9.524796009063720703e-01
9.524817466735839844e-01
9.524984955787658691e-01
9.524722099304199219e-01
9.524292945861816406e-01
9.523855447769165039e-01
9.523596167564392090e-01
9.523181319236755371e-01
9.522792696952819824e-01
9.522733092308044434e-01
9.522939324378967285e-01
9.523169994354248047e-01
9.522892832756042480e-01
9.522617459297180176e-01
9.521908760070800781e-01
9.521228075027465820e-01
9.520821571350097656e-01
9.520540833473205566e-01
9.520282745361328125e-01
9.520049691200256348e-01
9.519781470298767090e-01
9.519537687301635742e-01
9.519402384757995605e-01
9.519242644309997559e-01
9.518882036209106445e-01
9.518646001815795898e-01
9.518296122550964355e-01
9.517961144447326660e-01
9.517780542373657227e-01
9.517657756805419922e-01
9.517253637313842773e-01
9.516912102699279785e-01
9.517077207565307617e-01
9.517449736595153809e-01
9.517175555229187012e-01
9.517027735710144043e-01
9.517105817794799805e-01
9.517223834991455078e-01
9.517701864242553711e-01
9.517394304275512695e-01
9.516257047653198242e-01
9.515042901039123535e-01
9.514085650444030762e-01
9.514145255088806152e-01
9.515068531036376953e-01
9.516528844833374023e-01
9.516624808311462402e-01
9.515208005905151367e-01
9.513266086578369141e-01
9.512211680412292480e-01
9.512100815773010254e-01
9.512509107589721680e-01
9.512701630592346191e-01
9.512463212013244629e-01
9.511899948120117188e-01
9.510998725891113281e-01
9.510327577590942383e-01
9.510190486907958984e-01
9.509948492050170898e-01
9.509882926940917969e-01
9.509858489036560059e-01
9.509515762329101562e-01
9.509576559066772461e-01
9.508931040763854980e-01
9.508244395256042480e-01
9.508093595504760742e-01
9.508693814277648926e-01
9.509990811347961426e-01
9.510222077369689941e-01
9.508623480796813965e-01
9.507346749305725098e-01
9.506449699401855469e-01
9.506281018257141113e-01
9.506984353065490723e-01
9.507706165313720703e-01
9.507542848587036133e-01
9.506652355194091797e-01
9.505191445350646973e-01
9.504500627517700195e-01
9.504521489143371582e-01
9.504508376121520996e-01
9.504277110099792480e-01
9.503657221794128418e-01
9.503257870674133301e-01
9.502940773963928223e-01
9.503577351570129395e-01
9.505252838134765625e-01
9.505833387374877930e-01
9.504104852676391602e-01
9.502442479133605957e-01
9.501352906227111816e-01
9.501211047172546387e-01
9.501849412918090820e-01
9.502893090248107910e-01
9.503305554389953613e-01
9.503074288368225098e-01
9.502043128013610840e-01
9.500122070312500000e-01
9.499166011810302734e-01
9.500022530555725098e-01
9.503061771392822266e-01
9.505654573440551758e-01
9.504379630088806152e-01
9.500766396522521973e-01
9.498089551925659180e-01
9.497342705726623535e-01
9.498343467712402344e-01
9.499264955520629883e-01
9.498428702354431152e-01
9.497432708740234375e-01
9.496381878852844238e-01
