1.043327093124389648e+00
1.043525934219360352e+00
1.043667435646057129e+00
1.043666243553161621e+00
1.043472766876220703e+00
1.043254971504211426e+00
1.043096423149108887e+00
1.043026685714721680e+00
1.042991399765014648e+00
1.042969584465026855e+00
1.042945504188537598e+00
1.042918801307678223e+00
1.042948722839355469e+00
1.042890787124633789e+00
1.042859554290771484e+00
1.042874455451965332e+00
1.042845726013183594e+00
1.042825698852539062e+00
1.042743206024169922e+00
1.042699933052062988e+00
1.042708516120910645e+00
1.042641758918762207e+00
1.042576670646667480e+00
1.042646288871765137e+00
1.042733907699584961e+00
1.042750954627990723e+00
1.042871117591857910e+00
1.043134331703186035e+00
1.043187499046325684e+00
1.042993664741516113e+00
